39 1719
157 1129
157 1838
168 127
168 295
194 1191
215 956
226 1382
257 1551
257 1396
257 2892
898 1619
986 2559
1114 817
1147 2242
1205 2407
1205 2762
1205 1844
1240 148
1265 1839
1413 2692
1426 86
1426 2414
1452 1524
1545 1396
1741 1156
1741 2305
1785 879
1793 698
1863 594
1890 1987
1913 966
1976 14
1976 21
1991 381
2111 713
2242 300
2261 186
2381 1527
2440 1551
2534 1663
2544 519
2544 2860
2544 669
2554 2875
2695 1806
2973 1069
3113 969
3136 1748
3170 2554
3273 2624
3403 1403
3431 2715
3525 476
3525 1755
3533 2692
3565 2747
3621 1544
3651 44
3651 2442
3651 1921
3690 2223
3693 2311
3774 1303
3909 44
3909 482
3951 1824
3951 1459
3951 2909
3982 1415
3986 730
4493 2245
4543 1195
4562 508
4615 160
4643 1031
4643 1038
4643 2264
4643 2568
4676 2400
4714 239
4763 2822
4949 2374
4998 557
4998 135
5007 251
5068 2444
5089 2762
5114 77
5239 2095
5291 2745
5291 2096
5338 2280
5449 825
5461 1085
5470 1219
5510 1308
5564 2561
5621 372
5621 2635
5621 79
5640 2487
5640 257
5769 713
5837 2550
5915 966
5915 1434
5915 1824
5957 2892
5957 396
5957 2485
6004 517
6162 251
6712 128
6810 965
6874 2472
7018 401
7079 2867
7157 1514
7224 1401
7341 757
7505 37
7515 1287
7607 1481
7725 1000
7784 1041
7784 2344
7784 921
7827 2896
8168 44
8214 2960
8367 1337
8406 1537
8420 2674
8466 831
8466 2410
8466 1551
8466 784
8555 821
8616 2472
8629 2374
8697 2563
8778 1521
8798 2220
8798 2108
8878 1052
9063 2561
9123 394
9308 965
9315 2899
9414 643
9424 2679
9424 797
9526 135
9612 95
9621 279
9635 1085
9681 2327
9707 1519
9741 2311
9800 504
9810 1807
9811 2756
9941 1192
9941 825
9941 2694
9941 2436
